Test Array:
Sample Data: [33.45627698951746, 9.596929072724425, 6.814858112164712, 32.3842647405958, 49.09134575303094, 58.16510122763903, 57.55996066876361, 87.70021038835016, 7.8323494861591625, 29.17669264160807, 93.41315526832312, 52.64988902780633, 94.48445400055816, 11.308332290393386, 76.89516610540554, 80.89351570290535, 70.68248635758655, 23.771833160446697, 93.4606843699799, 46.48089407504838]
Sample Size: 20
Max Value: 94.48445400055816
Min Value: 6.814858112164712
Mean: 50.79091997195034
Variance: 894.4414456462953
Rank: [6.814858112164712, 7.8323494861591625, 9.596929072724425, 11.308332290393386, 23.771833160446697, 29.17669264160807, 32.3842647405958, 33.45627698951746, 46.48089407504838, 49.09134575303094, 52.64988902780633, 57.55996066876361, 58.16510122763903, 70.68248635758655, 76.89516610540554, 80.89351570290535, 87.70021038835016, 93.41315526832312, 93.4606843699799, 94.48445400055816]
Median: 50.87061739041864
Sau khi xóa phần tu đầu và cuối: [9.596929072724425, 6.814858112164712, 32.3842647405958, 49.09134575303094, 58.16510122763903, 57.55996066876361, 87.70021038835016, 7.8323494861591625, 29.17669264160807, 93.41315526832312, 52.64988902780633, 94.48445400055816, 11.308332290393386, 76.89516610540554, 80.89351570290535, 70.68248635758655, 23.771833160446697, 93.4606843699799]
Test List
Sample Data: [66.50386136668153, 71.38774621332733, 26.566358425569113, 74.43787325955552, 40.094308249598434, 65.27905232613514, 14.585615631787697, 98.12839223942369, 5.827184924854634, 97.73706636627783, 99.31784099610793, 65.3558417321729, 64.45212192712641, 64.27709602889136, 26.95092824912979, 55.13589245493987, 46.00289450370322, 57.14817902318162, 60.746901825758194, 25.4004405716059]
Sample Size: 20
Max Value: 99.31784099610793
Min Value: 5.827184924854634
Mean: 56.266779815791416
Variance: 682.4480514512622
Rank: [5.827184924854634, 14.585615631787697, 25.4004405716059, 26.566358425569113, 26.95092824912979, 40.094308249598434, 46.00289450370322, 55.13589245493987, 57.14817902318162, 60.746901825758194, 64.27709602889136, 64.45212192712641, 65.27905232613514, 65.3558417321729, 66.50386136668153, 71.38774621332733, 74.43787325955552, 97.73706636627783, 98.12839223942369, 99.31784099610793]
Median: 62.51199892732478
Sau khi xóa phần tu đầu và cuối: [71.38774621332733, 26.566358425569113, 74.43787325955552, 40.094308249598434, 65.27905232613514, 14.585615631787697, 98.12839223942369, 5.827184924854634, 97.73706636627783, 99.31784099610793, 65.3558417321729, 64.45212192712641, 64.27709602889136, 26.95092824912979, 55.13589245493987, 46.00289450370322, 57.14817902318162, 60.746901825758194]

Process finished with exit code 0
